799.9920654	2.806129669E-005	799.9920654	-2.90E-06	799.9920654	0.073553666	799.9920654	-0.000569222	799.9920654	0.044054013
798.9892578	-2.30E-05	798.9892578	0.00011557	798.9892578	0.073245361	798.9892578	0.000186574	798.9892578	0.045399789
797.986084	0.000213327	797.986084	0.000267458	797.986084	0.073438264	797.986084	0.000125695	797.986084	0.045988522
797.0169678	0.000372607	797.0169678	0.000430023	797.0169678	0.073917694	797.0169678	-0.00050831	797.0169678	0.045967575
796.0128784	0.000460885	796.0128784	0.000338461	796.0128784	0.073853657	796.0128784	-0.000210247	796.0128784	0.046807297
795.0085449	0.000626867	795.0085449	0.000692328	795.0085449	0.073985614	795.0085449	-0.000105654	795.0085449	0.047449451
794.0037231	0.000439481	794.0037231	0.001003749	794.0037231	0.074121431	794.0037231	-6.47E-05	794.0037231	0.048305757
792.9984131	0.000544723	792.9984131	0.000799862	792.9984131	0.074290454	792.9984131	-0.000139606	792.9984131	0.048864901
791.9926758	0.000668839	791.9926758	0.000322141	791.9926758	0.074039459	791.9926758	5.384314591E-006	791.9926758	0.049751259
790.9866333	0.000910561	790.9866333	0.00147448	790.9866333	0.073922545	790.9866333	0.000456014	790.9866333	0.050409272
790.0148926	0.000885789	790.0148926	0.000958034	790.0148926	0.074433669	790.0148926	-0.000140072	790.0148926	0.050669774
789.0080566	0.000842162	789.0080566	0.001166252	789.0080566	0.074264131	789.0080566	-0.000147007	789.0080566	0.0516579
788.0007935	0.001188081	788.0007935	0.001414744	788.0007935	0.074620739	788.0007935	-0.000289464	788.0007935	0.052090667
786.9931641	0.001319884	786.9931641	0.00144752	786.9931641	0.075056091	786.9931641	-0.000467404	786.9931641	0.053143088
785.9851074	0.001419756	785.9851074	0.001633626	785.9851074	0.074932046	785.9851074	-0.000502208	785.9851074	0.053525012
785.0115356	0.001450247	785.0115356	0.001572725	785.0115356	0.074742295	785.0115356	0.000361389	785.0115356	0.054481626
784.0026245	0.001881423	784.0026245	0.002015544	784.0026245	0.075118341	784.0026245	8.309475561E-006	784.0026245	0.055033945
782.9934692	0.002142864	782.9934692	0.001855608	782.9934692	0.075223818	782.9934692	2.876026338E-005	782.9934692	0.05553801
781.9838257	0.001641187	781.9838257	0.002023606	781.9838257	0.075528137	781.9838257	-0.000397478	781.9838257	0.056315172
781.008667	0.002331714	781.008667	0.002143566	781.008667	0.075514302	781.008667	-0.000266906	781.008667	0.057162937
779.99823	0.002038404	779.99823	0.002230566	779.99823	0.075587682	779.99823	-0.000191566	779.99823	0.057648759
778.9874878	0.001982907	778.9874878	0.002130091	778.9874878	0.075724766	778.9874878	-0.000224891	778.9874878	0.057920005
778.0111694	0.002130013	778.0111694	0.00256249	778.0111694	0.075280428	778.0111694	0.000277638	778.0111694	0.059418369
776.9995728	0.002479667	776.9995728	0.002325312	776.9995728	0.075649358	776.9995728	0.000340171	776.9995728	0.060003068
775.9874878	0.002583895	775.9874878	0.00266369	775.9874878	0.075856186	775.9874878	0.000130433	775.9874878	0.060443137
775.0101929	0.002387933	775.0101929	0.00279232	775.0101929	0.076140255	775.0101929	-0.000352683	775.0101929	0.061356485
773.9973755	0.002604754	773.9973755	0.002891541	773.9973755	0.076172084	773.9973755	-0.000171901	773.9973755	0.061924305
772.9842529	0.002640224	772.9842529	0.002503593	772.9842529	0.076271243	772.9842529	-0.000382064	772.9842529	0.062903397
772.0057373	0.00249547	772.0057373	0.002751367	772.0057373	0.076461419	772.0057373	-0.000706423	772.0057373	0.063212045
770.9917603	0.00298234	770.9917603	0.00243752	770.9917603	0.075988732	770.9917603	-0.000282997	770.9917603	0.064681187
770.0124512	0.002562308	770.0124512	0.002819833	770.0124512	0.076141179	770.0124512	2.746588143E-005	770.0124512	0.065069854
768.9978027	0.002885704	768.9978027	0.002872962	768.9978027	0.076250724	768.9978027	-0.000514102	768.9978027	0.065896571
767.9827881	0.002953436	767.9827881	0.002688746	767.9827881	0.076172553	767.9827881	5.697875531E-005	767.9827881	0.06708543
767.0023804	0.00248628	767.0023804	0.002690543	767.0023804	0.075983182	767.0023804	-0.000106378	767.0023804	0.067786679
765.9865112	0.002122079	765.9865112	0.002499792	765.9865112	0.075952128	765.9865112	-0.000382788	765.9865112	0.068284176
765.0054321	0.001936283	765.0054321	0.002460455	765.0054321	0.075723194	765.0054321	4.297283158E-005	765.0054321	0.069068581
763.9887695	0.001892785	763.9887695	0.00230582	763.9887695	0.07545834	763.9887695	-0.000181837	763.9887695	0.069906086
763.006958	0.002406361	763.006958	0.002384861	763.006958	0.075918674	763.006958	-0.000275184	763.006958	0.07073202
761.989502	0.002404539	761.989502	0.002461209	761.989502	0.075818829	761.989502	-8.65E-05	761.989502	0.071810372
761.006897	0.002400244	761.006897	0.002753972	761.006897	0.075941645	761.006897	-0.0002222	761.006897	0.072394393
759.9888306	0.002498282	759.9888306	0.00263564	759.9888306	0.075934768	759.9888306	-6.76E-05	759.9888306	0.073036559
759.0054321	0.002404904	759.0054321	0.002253593	759.0054321	0.075885847	759.0054321	-0.000352372	759.0054321	0.073812321
757.9865723	0.002366225	757.9865723	0.002378979	757.9865723	0.075890929	757.9865723	-0.000450803	757.9865723	0.074281111
757.0025024	0.002104937	757.0025024	0.001985715	757.0025024	0.075954564	757.0025024	-0.000154098	757.0025024	0.074974373
755.9829102	0.001807958	755.9829102	0.002307173	755.9829102	0.075450242	755.9829102	-0.000158341	755.9829102	0.076401941
754.9980469	0.001914729	754.9980469	0.002096223	754.9980469	0.075272948	754.9980469	-0.000294482	754.9980469	0.07714095
754.0128784	0.001848511	754.0128784	0.001828416	754.0128784	0.07516481	754.0128784	-4.47E-05	754.0128784	0.077866018
752.9921875	0.001473727	752.9921875	0.001641499	752.9921875	0.075115047	752.9921875	-0.00022515	752.9921875	0.078555316
752.0062256	0.001395734	752.0062256	0.001693964	752.0062256	0.075052612	752.0062256	-0.000146438	752.0062256	0.079252303
750.9847412	0.001277693	750.9847412	0.001723694	750.9847412	0.074891075	750.9847412	-0.000424478	750.9847412	0.080379121
749.9981689	0.001246825	749.9981689	0.001557657	749.9981689	0.074808806	749.9981689	-0.000182561	749.9981689	0.080852501
749.0111084	0.001465909	749.0111084	0.001337644	749.0111084	0.074978866	749.0111084	-0.000458768	749.0111084	0.081229098
747.9885254	0.001072329	747.9885254	0.001068099	747.9885254	0.074538022	747.9885254	-0.00037984	747.9885254	0.082074903
747.0008545	0.001078842	747.0008545	0.001030058	747.0008545	0.074240662	747.0008545	-4.37E-05	747.0008545	0.083077915
746.0127563	0.000700521	746.0127563	0.001047807	746.0127563	0.074152991	746.0127563	-0.000192601	746.0127563	0.083585061
744.9890747	0.000604599	744.9890747	0.000648332	744.9890747	0.074145436	744.9890747	-0.000186649	744.9890747	0.084162772
744.0002441	0.000118859	744.0002441	0.000656472	744.0002441	0.073896304	744.0002441	-6.01E-05	744.0002441	0.084983744
743.0111694	0.000299423	743.0111694	0.00020289	743.0111694	0.073492251	743.0111694	9.111956388E-006	743.0111694	0.085747764
741.9862671	-0.000110105	741.9862671	6.83961116E-005	741.9862671	0.073347747	741.9862671	-0.000238396	741.9862671	0.086285353
740.996521	-0.000460991	740.996521	-0.000322833	740.996521	0.073272757	740.996521	-0.000512757	740.996521	0.086651906
740.0063477	-0.000616994	740.0063477	-0.000529718	740.0063477	0.072654478	740.0063477	0.000221848	740.0063477	0.087416083
739.0158081	-0.000966851	739.0158081	-0.000965353	739.0158081	0.07241042	739.0158081	-0.000276115	739.0158081	0.087983482
737.989502	-0.001101861	737.989502	-0.001414072	737.989502	0.07226371	737.989502	-0.000260128	737.989502	0.088636145
736.99823	-0.001767259	736.99823	-0.001730287	736.99823	0.071709514	736.99823	-0.000256609	736.99823	0.08886005
736.0066528	-0.002128246	736.0066528	-0.002219528	736.0066528	0.071240164	736.0066528	-0.000196637	736.0066528	0.089601435
735.0147095	-0.002733171	735.0147095	-0.002793823	735.0147095	0.070460267	735.0147095	0.000284062	735.0147095	0.090220153
733.9869995	-0.003450215	733.9869995	-0.003444514	733.9869995	0.070031285	733.9869995	-0.000207038	733.9869995	0.090223245
732.9943237	-0.004067716	732.9943237	-0.004020219	732.9943237	0.069511645	732.9943237	-5.49E-05	732.9943237	0.0907479
732.0013428	-0.004752759	732.0013428	-0.004884294	732.0013428	0.068631545	732.0013428	-0.000130653	732.0013428	0.091318034
731.0079956	-0.00535711	731.0079956	-0.00536744	731.0079956	0.067950018	731.0079956	-1.39E-05	731.0079956	0.091651462
730.0142822	-0.006224248	730.0142822	-0.006292221	730.0142822	0.06716235	730.0142822	-9.06E-06	730.0142822	0.091932453
728.9848022	-0.006774926	728.9848022	-0.00673063	728.9848022	0.066551462	728.9848022	-0.000185977	728.9848022	0.092024721
727.9903564	-0.007578447	727.9903564	-0.007621791	727.9903564	0.066024996	727.9903564	-0.000174126	727.9903564	0.092271447
726.9956665	-0.008035177	726.9956665	-0.008143061	726.9956665	0.065564275	726.9956665	-0.000409633	726.9956665	0.092348285
726.0006104	-0.008498536	726.0006104	-0.008519503	726.0006104	0.065121003	726.0006104	-1.30E-05	726.0006104	0.092446245
725.005127	-0.0089933	725.005127	-0.008915503	725.005127	0.064399958	725.005127	-0.000171694	725.005127	0.092772104
724.0093994	-0.009348182	724.0093994	-0.009444139	724.0093994	0.064201154	724.0093994	-0.000316677	724.0093994	0.092761502
723.0133057	-0.009769294	723.0133057	-0.009805435	723.0133057	0.063628189	723.0133057	0.000144183	723.0133057	0.093053088
722.0169067	-0.009894966	722.0169067	-0.009780582	722.0169067	0.063497365	722.0169067	-0.000216767	722.0169067	0.093067586
720.984436	-0.010089451	720.984436	-0.009932362	720.984436	0.063286662	720.984436	-0.000320661	720.984436	0.093025796
719.9873047	-0.010291483	719.9873047	-0.010246129	719.9873047	0.063139737	719.9873047	-0.000279013	719.9873047	0.092899591
718.9898071	-0.010661321	718.9898071	-0.010515202	718.9898071	0.062923893	718.9898071	-0.00026049	718.9898071	0.092898279
717.9920044	-0.010579526	717.9920044	-0.010761685	717.9920044	0.062768742	717.9920044	-0.000173401	717.9920044	0.092754833
716.9938354	-0.010811884	716.9938354	-0.01070754	716.9938354	0.062771522	716.9938354	-0.000209729	716.9938354	0.092676193
715.9953613	-0.010652227	715.9953613	-0.010583114	715.9953613	0.062906742	715.9953613	-0.000155443	715.9953613	0.092596762
714.996521	-0.010427922	714.996521	-0.010393702	714.996521	0.063012436	714.996521	-0.000114194	714.996521	0.092611596
713.9973755	-0.010234094	713.9973755	-0.010178418	713.9973755	0.063050956	713.9973755	-0.000195395	713.9973755	0.092366375
712.9978027	-0.009797438	712.9978027	-0.01005389	712.9978027	0.063465305	712.9978027	-6.39E-05	712.9978027	0.092113294
711.9979858	-0.009615381	711.9979858	-0.009611837	711.9979858	0.063637093	711.9979858	-2.51E-05	711.9979858	0.091784693
710.9977417	-0.009192802	710.9977417	-0.009083962	710.9977417	0.064223811	710.9977417	-0.000331369	710.9977417	0.091538563
709.9972534	-0.008454721	709.9972534	-0.00838287	709.9972534	0.06474939	709.9972534	-5.95E-05	709.9972534	0.091432631
708.9963989	-0.008174969	708.9963989	-0.007850753	708.9963989	0.06546548	708.9963989	-6.12E-05	708.9963989	0.090893045
707.9952393	-0.007519426	707.9952393	-0.007028328	707.9952393	0.066051185	707.9952393	-0.000193998	707.9952393	0.090710513
706.9936523	-0.006654924	706.9936523	-0.006666651	706.9936523	0.066810302	706.9936523	-0.000240621	706.9936523	0.090424061
705.9918213	-0.006066009	705.9918213	-0.005912514	705.9918213	0.067533098	705.9918213	-0.000173401	705.9918213	0.089973286
704.989624	-0.00504199	704.989624	-0.005055193	704.989624	0.068355888	704.989624	-7.50E-05	704.989624	0.089576393
703.9869995	-0.004287896	703.9869995	-0.004086026	703.9869995	0.069122568	703.9869995	-9.59E-05	703.9869995	0.08927457
702.9842529	-0.003530539	702.9842529	-0.003505016	702.9842529	0.069874071	702.9842529	-0.00017128	702.9842529	0.088668816
702.0168457	-0.002906925	702.0168457	-0.002906977	702.0168457	0.07053782	702.0168457	5.415682244E-005	702.0168457	0.088423371
701.0133667	-0.002026537	701.0133667	-0.00222916	701.0133667	0.071339786	701.0133667	-0.000213921	701.0133667	0.088026688
700.0095215	-0.001405557	700.0095215	-0.001562665	700.0095215	0.071618229	700.0095215	0.000320017	700.0095215	0.088079378
699.0053711	-0.000620716	699.0053711	-0.000829629	699.0053711	0.072464675	699.0053711	0.000254793	699.0053711	0.087529689
698.0007935	4.426522992E-006	698.0007935	-0.000324696	698.0007935	0.073498137	698.0007935	-0.000273011	698.0007935	0.086836785
696.9959717	0.000584095	696.9959717	0.000542961	696.9959717	0.073914781	696.9959717	-0.000321281	696.9959717	0.086646564
695.9907837	0.001351329	695.9907837	0.001259027	695.9907837	0.074747548	695.9907837	-0.00020264	695.9907837	0.08570119
694.9853516	0.001599303	694.9853516	0.001768189	694.9853516	0.074946038	694.9853516	5.24222487E-005	694.9853516	0.085561395
694.0155029	0.002068132	694.0155029	0.00226231	694.0155029	0.075539812	694.0155029	5.67975294E-005	694.0155029	0.085262313
693.0093384	0.002623165	693.0093384	0.002716721	693.0093384	0.076231383	693.0093384	-0.000213403	693.0093384	0.084770322
692.0028076	0.003140371	692.0028076	0.002972696	692.0028076	0.076726452	692.0028076	-0.000154978	692.0028076	0.08436913
690.9960327	0.003449169	690.9960327	0.003320917	690.9960327	0.076618947	690.9960327	0.000287714	690.9960327	0.08442308
689.9888916	0.004066849	689.9888916	0.003469573	689.9888916	0.077457227	689.9888916	-0.00032392	689.9888916	0.083646663
689.0174561	0.004091542	689.0174561	0.004140776	689.0174561	0.077686153	689.0174561	-0.00010291	689.0174561	0.083049521
688.0097046	0.004260904	688.0097046	0.004367547	688.0097046	0.077746309	688.0097046	-0.000114815	688.0097046	0.083200455
687.0015869	0.004727277	687.0015869	0.004503013	687.0015869	0.07824038	687.0015869	-0.000187012	687.0015869	0.082580186
685.9931641	0.005081466	685.9931641	0.00481354	685.9931641	0.078562081	685.9931641	-0.00037265	685.9931641	0.082127973
684.984436	0.00532419	684.984436	0.005323718	684.984436	0.078634642	684.984436	-3.99E-05	684.984436	0.082081936
684.0114136	0.005755979	684.0114136	0.005465197	684.0114136	0.078904696	684.0114136	-4.69E-05	684.0114136	0.081689976
683.0020142	0.005538418	683.0020142	0.005449784	683.0020142	0.079443879	683.0020142	-0.000516015	683.0020142	0.080961369
681.9923096	0.005918276	681.9923096	0.005810544	681.9923096	0.079266846	681.9923096	2.674102871E-005	681.9923096	0.081024818
680.9822998	0.006039186	680.9822998	0.006028267	680.9822998	0.079350866	680.9822998	0.000162672	680.9822998	0.08075466
680.0081177	0.006246178	680.0081177	0.006177406	680.0081177	0.079783209	680.0081177	-9.51E-05	680.0081177	0.080418028
678.9974365	0.006497358	678.9974365	0.006374167	678.9974365	0.079730175	678.9974365	-5.07E-05	678.9974365	0.080569729
677.9865112	0.006365393	677.9865112	0.006688218	677.9865112	0.08012642	677.9865112	-0.000492744	677.9865112	0.080012709
677.0112915	0.006720264	677.0112915	0.006592147	677.0112915	0.079915464	677.0112915	-2.65E-05	677.0112915	0.080263443
675.9996948	0.00660082	675.9996948	0.00674424	675.9996948	0.080180369	675.9996948	-0.000405754	675.9996948	0.079951875
674.987793	0.006551123	674.987793	0.006809605	674.987793	0.080162376	674.987793	-0.000210454	674.987793	0.079571925
674.0116577	0.006961959	674.0116577	0.006844894	674.0116577	0.080270983	674.0116577	1.954434629E-005	674.0116577	0.07920216
672.9991455	0.007045615	672.9991455	0.00678849	672.9991455	0.080223523	672.9991455	7.756128616E-005	672.9991455	0.07970617
671.9863281	0.006954041	671.9863281	0.00698032	671.9863281	0.080242708	671.9863281	0.00010757	671.9863281	0.079728596
671.0093384	0.00701294	671.0093384	0.006925029	671.0093384	0.079975151	671.0093384	0.000262667	671.0093384	0.080102451
669.9957886	0.006909538	669.9957886	0.006806607	669.9957886	0.080480643	669.9957886	-0.000325472	669.9957886	0.07961791
668.9819946	0.006621925	668.9819946	0.006524476	668.9819946	0.080277771	668.9819946	-0.000336542	668.9819946	0.079399653
668.0041504	0.006159158	668.0041504	0.00608221	668.0041504	0.079607561	668.0041504	0.000103038	668.0041504	0.079957254
666.9897461	0.005908856	666.9897461	0.005995458	666.9897461	0.07917197	666.9897461	0.000230239	666.9897461	0.080162808
666.0111694	0.005727309	666.0111694	0.005927067	666.0111694	0.079356149	666.0111694	-0.000136449	666.0111694	0.079953268
664.9962158	0.005828829	664.9962158	0.005779614	664.9962158	0.079158984	664.9962158	-0.000361994	664.9962158	0.080232963
664.0170288	0.005595001	664.0170288	0.00560077	664.0170288	0.078882903	664.0170288	-0.000105188	664.0170288	0.080303557
663.0014038	0.005557585	663.0014038	0.005350999	663.0014038	0.078749165	663.0014038	-5.58E-05	663.0014038	0.080749169
661.9854126	0.005544134	661.9854126	0.005114153	661.9854126	0.078733869	661.9854126	-0.000119836	661.9854126	0.080980055
661.0054321	0.005332261	661.0054321	0.005292902	661.0054321	0.078658313	661.0054321	-0.000337215	661.0054321	0.081388116
659.9888916	0.005099197	659.9888916	0.004953544	659.9888916	0.078675471	659.9888916	-0.000448941	659.9888916	0.081213839
659.0083008	0.005135134	659.0083008	0.005161171	659.0083008	0.0785833	659.0083008	2.555020183E-005	659.0083008	0.081141971
657.9911499	0.005311716	657.9911499	0.004989494	657.9911499	0.078469217	657.9911499	-0.000121181	657.9911499	0.081492499
657.0098877	0.004888955	657.0098877	0.004916051	657.0098877	0.078379601	657.0098877	0.000333099	657.0098877	0.081543311
655.9921265	0.004767946	655.9921265	0.005076569	655.9921265	0.078461871	655.9921265	-8.85E-05	655.9921265	0.081418276
655.010437	0.004825345	655.010437	0.0048555	655.010437	0.078267567	655.010437	0.000132867	655.010437	0.081474356
653.9920044	0.00471257	653.9920044	0.004811341	653.9920044	0.078277387	653.9920044	0.000184969	653.9920044	0.081058763
653.0096436	0.004656051	653.0096436	0.004853798	653.0096436	0.078183316	653.0096436	1.439283733E-005	653.0096436	0.080445006
651.9906006	0.004791371	651.9906006	0.004598099	651.9906006	0.078402422	651.9906006	-0.000326248	651.9906006	0.079783089
651.0076904	0.004704171	651.0076904	0.004743267	651.0076904	0.078040749	651.0076904	-6.30E-05	651.0076904	0.079602301
649.9880371	0.004659766	649.9880371	0.004702548	649.9880371	0.077973776	649.9880371	0.000132479	649.9880371	0.078933351
649.0045166	0.004675492	649.0045166	0.004570735	649.0045166	0.077929199	649.0045166	0.000149724	649.0045166	0.078072913
647.984375	0.004656391	647.984375	0.004370789	647.984375	0.078146473	647.984375	-0.000156064	647.984375	0.076959781
647.0001831	0.004570055	647.0001831	0.004644721	647.0001831	0.07805717	647.0001831	-0.00021775	647.0001831	0.076230764
646.0158081	0.004862882	646.0158081	0.004308797	646.0158081	0.078035794	646.0158081	-0.000170193	646.0158081	0.075558417
644.994751	0.004668244	644.994751	0.004647992	644.994751	0.077807337	644.994751	3.018408825E-005	644.994751	0.074685939
644.0097656	0.004536022	644.0097656	0.004462891	644.0097656	0.07805144	644.0097656	3.67855173E-005	644.0097656	0.073688634
642.9880371	0.004480571	642.9880371	0.004474347	642.9880371	0.077816717	642.9880371	-0.000187374	642.9880371	0.072996534
642.0025024	0.004455333	642.0025024	0.004422146	642.0025024	0.077859454	642.0025024	-2.36E-05	642.0025024	0.072259612
641.0167236	0.004513318	641.0167236	0.004467913	641.0167236	0.077930778	641.0167236	0.000143302	641.0167236	0.071479291
639.9940796	0.004250369	639.9940796	0.004201227	639.9940796	0.077825017	639.9940796	-4.02E-05	639.9940796	0.070480786
639.0077515	0.004435588	639.0077515	0.004646736	639.0077515	0.077770762	639.0077515	2.873437552E-005	639.0077515	0.069737419
637.9845581	0.004348616	637.9845581	0.00438334	637.9845581	0.077854864	637.9845581	-5.28E-05	637.9845581	0.068675928
636.9974976	0.004176763	636.9974976	0.004337949	636.9974976	0.077981919	636.9974976	-7.84E-05	636.9974976	0.067811437
636.0103149	0.004342655	636.0103149	0.004450443	636.0103149	0.078051843	636.0103149	-0.000511826	636.0103149	0.066527955
634.9862671	0.004449449	634.9862671	0.004412104	634.9862671	0.077884845	634.9862671	-0.000130808	634.9862671	0.065805808
633.9984131	0.00431447	633.9984131	0.004316353	633.9984131	0.078109413	633.9984131	-0.000413461	633.9984131	0.064711295
633.010376	0.004332118	633.010376	0.004081795	633.010376	0.077783801	633.010376	-0.000111399	633.010376	0.063711487
631.9853516	0.004608302	631.9853516	0.004306157	631.9853516	0.077681944	631.9853516	6.101751205E-005	631.9853516	0.062977396
630.9967651	0.004536258	630.9967651	0.004265504	630.9967651	0.077776745	630.9967651	1.894894194E-005	630.9967651	0.061655711
630.0078125	0.004369377	630.0078125	0.00417875	630.0078125	0.077871531	630.0078125	-7.37E-05	630.0078125	0.060409222
628.9819336	0.004281033	628.9819336	0.004417466	628.9819336	0.077594221	628.9819336	0.000136829	628.9819336	0.059827868
627.9924927	0.004331752	627.9924927	0.004419034	627.9924927	0.077671513	627.9924927	-0.000185407	627.9924927	0.058281492
627.0027466	0.004037454	627.0027466	0.004077719	627.0027466	0.077632822	627.0027466	-8.66E-05	627.0027466	0.057537422
626.0126343	0.00432519	626.0126343	0.0043511	626.0126343	0.077744789	626.0126343	9.319048331E-006	626.0126343	0.056352425
624.9856567	0.004243363	624.9856567	0.004150968	624.9856567	0.077957295	624.9856567	-1.24E-05	624.9856567	0.054774538
623.9951172	0.004301477	623.9951172	0.004076726	623.9951172	0.077893764	623.9951172	-0.000399599	623.9951172	0.054021437
623.0042114	0.004235992	623.0042114	0.00413176	623.0042114	0.077545665	623.0042114	-7.05E-05	623.0042114	0.053046264
622.0131226	0.004281634	622.0131226	0.004192445	622.0131226	0.0774839	622.0131226	0.000149077	622.0131226	0.052105814
620.9849854	0.004443747	620.9849854	0.004285216	620.9849854	0.077365965	620.9849854	2.358275742E-005	620.9849854	0.050928134
619.9931641	0.004026454	619.9931641	0.00404848	619.9931641	0.077588066	619.9931641	-7.71E-05	619.9931641	0.049869943
619.0012817	0.004151334	619.0012817	0.004101054	619.0012817	0.077419914	619.0012817	-4.16E-05	619.0012817	0.048881095
618.0090332	0.003880115	618.0090332	0.003935829	618.0090332	0.077438757	618.0090332	-4.73E-05	618.0090332	0.048024636
617.0164795	0.003900044	617.0164795	0.004035677	617.0164795	0.077384122	617.0164795	0.000106612	617.0164795	0.04684573
